753    98    330    653    707
67    996    66    880    831
526    33    514    224    884
921    476    205    31    861
457    588    37    744    870
572    338    940    938    124
83    785    44    714    615
752    927    908    33    589
969    940    14    703    999
544    317    486    969    484
607    567    672    581    356
611    627    20    45    484
969    435    468    298    536
327    390    590    410    587
617    519    6    179    79
751    751    731    594    742
852    650    569    360    172
832    257    849    678    858
755    183    854    367    528
373    753    560    535    90
812    929    504    85    335
47    759    435    762    349
990    616    785    378    820
122    722    330    462    743
723    179    839    851    651
335    140    904    765    211
731    745    758    148    887
567    12    691    266    76
886    950    378    85    552
757    140    365    65    774
443    831    526    856    341
910    674    798    291    978
381    31    452    434    224
140    270    989    279    795
647    990    694    252    93
618    992    424    978    877
888    246    165    900    577
240    989    359    958    6
455    530    178    54    478
664    809    644    674    711
817    281    508    192    437
97    616    537    725    87
671    247    687    361    933
839    536    938    570    254
201    463    869    256    579
926    44    153    943    193
359    712    529    573    992
472    638    279    253    328
1    557    16    893    831
926    676    704    399    803
150    487    870    258    231
891    292    914    153    481
348    781    970    913    836
354    508    550    320    217
383    766    296    289    317
820    86    542    940    274
182    222    383    398    557
26    383    275    326    617
68    195    328    679    163
594    849    896    264    909
272    253    788    61    146
762    646    953    253    569
584    773    39    240    99
276    70    713    392    514
875    571    644    218    546
508    674    137    102    521
41    120    577    430    745
622    957    652    391    231
383    473    618    350    882
897    215    112    919    535
811    776    659    99    831
139    692    87    66    783
999    409    457    997    429
394    472    120    790    612
790    363    168    858    302
892    282    59    286    596
593    115    38    786    24
993    151    294    167    518
404    236    816    177    237
728    728    140    969    337
697    496    82    695    179
728    417    868    377    73
181    795    244    348    104
746    328    702    82    230
288    476    697    170    62
603    226    387    991    680
844    953    672    90    195
487    174    568    135    898
712    260    756    668    747
120    336    499    48    775
94    930    281    705    187
364    96    757    778    16
24    373    128    277    565
866    691    469    48    585
491    924    961    279    37
790    835    215    589    552
917    992    540    329    903
741    888    572    665    936
253    916    933    234    604
29    167    93    866    577
810    189    506    538    998
442    190    297    887    333
660    151    791    397    847
866    321    541    377    476
321    984    550    520    53
692    511    262    525    312
361    940    748    758    406
928    189    895    81    306
735    895    435    869    163
336    807    505    221    548
952    461    89    205    424
105    684    429    873    810
604    816    703    639    478
876    582    576    401    147
168    471    60    633    297
617    375    203    440    105
797    459    922    435    223
173    125    557    944    927
591    489    171    394    413
615    898    236    13    562
607    16    232    717    142
148    698    509    744    930
312    16    898    629    925
768    327    614    428    963
533    177    307    627    35
526    646    224    468    653
421    881    880    198    94
62    90    811    146    859
475    661    502    440    555
465    96    131    260    67
90    904    420    205    892
699    201    443    657    534
536    51    63    287    957
441    439    975    656    596
87    368    782    486    753
146    309    730    375    374
538    99    120    600    422
391    257    672    935    940
739    148    363    436    532
163    829    587    616    433
483    571    814    103    842
405    587    142    112    214
385    976    40    480    694
184    74    63    729    920
931    180    835    950    20
618    631    914    23    91
34    318    950    303    545
437    557    986    541    734
331    633    992    654    818
318    97    681    953    522
897    599    765    169    80
800    374    178    16    555
224    60    856    64    249
933    303    40    689    169
385    474    213    910    925
534    938    88    297    70
953    919    915    524    860
630    538    220    606    414
184    820    901    341    781
444    588    34    427    252
262    237    817    555    53
987    114    568    231    92
776    759    866    506    195
652    959    264    389    872
736    991    980    777    240
285    420    371    372    691
78    152    162    86    868
773    403    930    501    582
163    842    828    89    295
683    989    151    77    266
200    527    737    142    98
415    507    633    387    699
19    164    58    364    744
85    522    178    359    477
192    903    358    818    772
382    865    277    954    151
367    79    714    606    413
67    101    119    590    442
757    536    688    700    121
878    72    886    245    989
209    755    961    670    470
696    538    847    273    294
968    947    937    77    117
970    390    248    259    948
678    591    596    766    690
253    963    376    859    162
217    986    513    530    742
782    120    18    355    132
976    299    218    804    551
566    214    969    805    727
881    5    249    960    457
636    511    43    675    969
536    673    940    550    741
775    760    580    840    727
809    201    480    194    405
668    691    951    884    223
484    832    542    805    477
955    997    696    259    557
103    816    817    688    578
977    868    145    759    523
