53    15    43    50    9
57    53    1    11    27
73    60    36    93    9
5    25    46    57    88
70    49    66    54    3
99    12    15    45    41
86    97    69    49    88
30    12    60    61    37
20    51    55    84    80
26    16    73    29    12
94    81    11    46    52
44    100    69    57    92
14    48    75    55    84
4    93    71    7    82
71    6    91    96    32
62    18    23    15    13
92    98    33    43    7
67    5    60    27    73
16    61    39    69    57
16    89    83    52    50
